2712
476
2104
3620
2820
3470
2413
3892
940
3493
1744
2020
2310
133
2464
3384
4130
4317
2064
2458
2748
1622
2092
1397
1201
3331
914
922
3688
704
66
4200
2137
668
1984
1262
3428
2390
3427
2197
899
1007
2159
615
2770
3579
1104
560
1569
4196
2549
316
1500
2780
4114
1236
425
2835
1136
3748
4030
3561
2711
4258
592
2765
1223
890
1611
3392
3713
1194
1545
4113
815
4249
1860
3628
110
2348
3801
3183
4037
2855
415
2704
243
4006
3232
802
84
220
3519
1849
3207
1097
575
3732
2551
2315
980
1571
969
1857
2382
812
3906
1606
2508
773
2157
2701
2503
4218
514
4307
4091
1954
1122
4033
4085
1469
258
3449
2337
3721
336
1663
2629
121
1112
4121
2506
163
3544
2911
2101
3237
2677
1979
602
1745
4092
3656
1908
891
2332
2405
3190
346
3165
3482
3567
3874
259
1670
3235
2886
1196
3736
1891
1025
2878
3340
354
2224
3560
564
3984
267
103
1200
4294
1459
2381
4081
293
3753
4009
3116
1454
92
1398
852
1764
2251
2156
2700
1199
1272
2033
3945
1925
3605
3930
2496
1779
841
1187
2965
2289
3118
3085
1999
2596
2916
1134
714
1290
1288
971
3873
671
1075
677
474
2276
509
2645
3636
2152
2321
1770
2446
3640
312
2817
2815
142
3243
878
2067
2235
3698
2115
3179
1851
4123
2874
3128
3854
904
3674
788
3005
436
3335
2084
1516
1303
4326
3109
4102
3290
810
4210
141
2719
3693
3172
1760
4163
3841
3404
820
3952
2699
1086
322
278
1911
1696
199
3394
2088
376
3260
3631
520
1081
1921
1930
639
2663
1008
3868
2412
270
4065
632
2345
2266
2785
1265
993
2132
2527
1520
2832
853
3610
1761
396
1886
3992
3840
2528
4075
3028
2073
1118
446
1518
3050
3102
2000
3845
978
3937
3866
1184
373
1308
3038
1035
1381
927
1231
928
3359
4157
4189
2323
3063
3053
3390
1821
395
4158
2667
3792
3049
2393
733
344
736
1648
4243
849
2108
4177
2063
4308
1129
4111
1725
3221
1467
3200
1282
485
1806
3826
4312
734
3522
898
4058
1824
2478
3166
2893
1183
2493
2903
539
1178
2122
3565
1533
2055
3454
3136
693
3279
3543
2201
2990
2293
412
3461
2242
4211
463
1069
872
2981
3749
1833
3653
3412
1642
4310
2183
3117
1457
4272
1910
1602
1592
2367
477
3185
88
3625
1664
934
3143
1961
3070
3069
297
837
3201
620
791
4029
1989
67
4321
2301
1309
3810
2346
2392
2032
1892
3216
2825
1073
33
3999
1896
3893
2619
2979
493
813
2628
1551
1139
205
4276
1815
3957
469
660
2856
3958
752
3413
2939
833
1993
4036
3528
2012
2525
1793
2955
2988
2200
1278
1810
2453
1237
2417
962
3149
1668
3616
3905
2143
372
3204
1059
3895
3819
2440
323
265
3447
2744
341
2954
3912
3186
2009
708
579
845
4145
1517
1321
939
3022
2372
913
2296
3153
197
95
310
3624
3480
1780
2759
2467
2948
2944
1600
2737
1017
2207
2502
2325
1986
2612
2278
3549
149
3277
4154
2983
285
182
2320
1084
3746
2795
1182
3956
4286
3901
1491
524
3597
4256
1437
430
3724
3708
1501
314
3959
4224
2257
3099
4166
3521
3583
1155
3159
3795
531
1422
2818
541
1498
522
3555
2681
850
4213
3692
2054
3484
1233
2354
2349
2187
665
1323
2185
3699
1260
1438
4136
4013
2697
3315
1087
2466
3824
2600
433
2826
1483
2594
3571
2481
1813
2078
3472
2639
3228
1207
3158
154
2096
728
4239
1597
77
923
384
3580
3700
3398
1982
2547
1530
721
698
49
1950
4319
320
2243
1117
106
2328
682
4132
919
982
348
3975
528
595
173
628
2666
4252
3846
2214
1731
1248
4045
2239
3226
4206
2531
2180
3018
2268
473
1286
3972
3092
1599
235
735
3210
3306
452
3599
1499
2209
3307
2543
3292
402
1193
3953
957
1895
867
3986
4002
3001
1485
3188
1399
1854
2107
601
1462
608
2991
790
2859
2582
2234
2484
403
76
765
3027
2164
3922
917
925
2307
1010
1165
2725
1466
599
552
169
1683
797
2169
2205
180
3258
1092
3344
4298
3847
2407
876
2696
819
2608
1636
2860
3970
51
2533
1052
4257
59
3469
2982
409
1354
4170
3194
1116
2259
3321
3132
3741
1962
104
523
1258
4068
1431
3332
126
1667
933
2519
3680
2899
2238
2801
2028
3408
4053
3047
4028
862
195
3386
4066
4034
3852
2447
18
2404
491
3808
2326
1578
1695
2255
1766
2068
236
2632
1471
3965
1458
2016
3129
775
32
174
1907
2438
3486
3189
1714
3043
166
1701
2228
992
460
1818
1285
2796
652
3786
2779
3900
1621
1801
3303
2537
2217
2044
1587
2621
3024
618
4042
1584
2526
3639
1246
3740
3031
3095
352
362
2415
501
768
4314
3368
3532
834
2846
3702
3084
4266
3272
4271
3865
176
281
140
261
1296
3316
873
2742
1906
937
2459
3767
1234
1590
1610
4139
2566
3694
3411
3435
1543
3689
2423
798
2229
291
2329
164
198
282
1239
975
984
1532
2536
2352
4147
1094
1000
2687
2116
3015
1312
2889
1108
3829
2774
3630
1540
903
1679
3113
3935
2702
2410
2286
2590
2282
2520
3502
2690
1023
3310
3987
2039
1375
1473
3946
3765
3672
3097
1730
2148
3334
2034
2625
3089
518
4093
1102
471
1934
333
2548
2376
3048
2984
279
4021
3851
4193
2095
1214
3859
2196
2963
2462
3923
284
1244
2678
4162
3014
3057
2515
3983
1266
3080
3861
4175
397
4059
1101
3459
1446
1904
2610
143
2638
3757
482
3800
3267
3969
990
3012
404
2472
1736
2522
3855
2953
3074
973
1742
3963
1673
152
2456
2555
3397
4290
2026
2624
2789
2066
2463
125
3600
2483
1110
4011
1058
3473
2659
2995
1480
1902
3101
3593
1041
1357
3611
2444
1843
3051
968
1151
215
347
3658
2154
371
2406
795
1121
2834
2040
707
2724
1873
479
1987
3065
4234
3950
2708
3289
1865
1338
4202
1778
3664
4320
3438
807
3568
1413
658
3603
257
617
406
1677
1949
2451
1172
1883
2498
3897
2518
254
2930
419
3814
4143
3271
1922
2494
1593
987
2841
3126
3778
2112
4039
2341
2452
1072
4284
1268
3356
822
2245
2046
1450
3563
3233
1076
3881
1140
2550
4043
1293
1747
24
4222
2752
3375
527
80
2631
2581
627
3202
889
1012
2272
1206
1749
2650
3682
2733
2695
3754
2477
2511
3457
2177
1304
3060
2989
562
2739
3137
1675
3167
751
2427
2563
1154
1050
1888
1799
3775
2523
478
4100
3858
4046
801
1029
4268
1536
1680
2482
2360
1812
684
3219
422
2399
4071
3163
15
1838
1048
3785
604
3936
3491
3147
1215
2606
3191
3973
2541
447
2309
2728
459
651
1001
3524
4026
3533
1093
776
444
2844
606
379
986
3045
4167
1208
47
3516
3215
563
2221
2165
3083
1885
4281
1943
4153
963
4018
2035
1447
213
712
3733
1435
2434
4299
879
1959
2051
2487
3613
600
2025
3254
636
607
194
863
335
1352
1166
641
573
1547
3127
1588
2798
2317
2121
2812
3696
250
1726
1712
2304
3138
3370
3667
2837
2721
1424
3716
3266
952
3498
3871
1216
381
356
2085
2654
3557
1131
3647
64
2236
848
2786
3284
1241
2896
437
1327
3068
16
1049
232
3434
2495
2241
2730
239
1301
965
2694
3707
2973
4232
3056
3464
2517
1111
3863
3998
2734
2435
1823
1391
1371
4025
2343
3663
3325
1185
4285
3608
10
1703
1666
3995
183
744
1909
1070
1710
713
4254
3234
3821
3971
4247
2374
1738
3722
981
854
1161
594
2227
2571
69
977
2279
2880
4270
2082
2746
50
3261
3615
4242
3244
3209
3430
3396
63
1120
86
760
2465
410
4275
1940
1443
675
4251
859
1393
1550
3592
1252
3131
288
1453
2766
2470
2074
2865
3281
2521
3535
3252
1589
4119
1210
1983
1716
2505
3876
4288
3710
2919
4106
1138
1311
3752
4104
2942
3709
1869
1707
3364
1331
3495
2473
916
836
3833
778
3889
2577
1970
3009
3096
2292
804
2898
23
83
2609
3195
4250
2688
2615
4311
2356
2591
2175
2365
3262
2443
4138
3401
1988
4186
2254
2151
1792
950
217
1920
551
1692
4274
2894
918
377
1374
4131
729
2870
2713
3241
589
3483
935
3839
2947
2777
2198
1212
3842
4179
55
2969
1283
1867
2996
3061
786
435
3681
649
1269
3403
4073
3890
1803
165
454
4267
2418
4283
2831
1882
1513
3985
417
835
3231
193
970
972
109
3407
155
2419
2673
3347
489
2576
3793
2106
2554
3329
4127
960
2428
1030
2578
3715
507
3020
3211
955
502
1844
2485
1853
2912
1432
900
3570
4324
25
2674
1768
1098
657
3082
2322
2263
3586
3619
2763
513
1629
1582
1917
1014
2873
3445
1939
3274
905
2670
1425
715
1858
2792
3133
2013
870
1953
1693
1762
2178
277
2158
3662
1874
3301
3669
508
2312
2664
2980
1171
4079
691
1817
426
2237
3499
1281
3739
4031
1056
690
4116
2869
613
3366
1872
3317
4240
843
1805
621
1043
2683
4219
145
3278
2043
4263
2041
956
3783
999
300
880
2174
4203
1899
2797
492
1976
2469
1521
4287
1863
2220
1623
2047
2313
3256
1515
2111
1475
3059
147
3414
2685
2534
481
2298
2240
731
27
1596
2717
304
455
120
2902
587
1373
4022
1947
610
1366
998
3192
2149
3993
1481
2707
1698
2176
2633
2086
1405
532
2397
4181
465
3602
2671
823
3206
2125
1577
3649
3354
1350
3517
811
1583
3119
3787
1074
549
2275
644
1850
1802
2729
2291
1335
2601
4060
3578
588
3531
357
2643
171
642
1903
1314
1790
700
3779
3812
262
2027
2562
554
3154
2524
206
1580
3293
1091
3589
1279
2003
122
694
3025
3691
1032
272
512
1757
2363
3823
838
1932
2080
2745
2972
943
3830
2882
2072
2195
4300
2065
2881
2431
1016
3601
3134
11
3389
2089
442
1997
1089
440
339
3554
3357
1011
54
2558
2723
4197
897
4137
1878
89
506
1250
2359
1767
3500
3187
4226
1496
3547
826
503
1631
3805
1643
3302
2636
468
717
408
3275
1871
2316
3525
2079
1654
3072
886
3380
3650
1339
2814
2471
1537
148
619
2011
1289
3382
3545
177
3294
2273
3086
3330
2822
2807
319
2961
796
2706
540
616
739
1929
4115
4048
2943
3305
1538
483
3920
650
2597
2387
73
3806
499
2540
3730
2975
1990
1618
4020
186
1525
3399
3003
2162
3091
2905
1773
3505
1345
1535
1971
4156
1567
158
4229
276
3773
517
3764
3108
2213
3907
3804
175
3222
566
2144
3974
1242
2327
3176
828
3198
3882
1508
718
648
3424
2839
1644
1392
3296
3021
2781
3288
1412
1657
1676
3371
4245
4141
3066
2364
1561
576
3510
207
1848
1635
624
4159
391
3474
1135
3799
2652
1449
2038
497
3924
2311
2284
553
3966
378
991
2400
1827
3487
1024
1739
350
3249
340
3642
146
3759
537
3378
1057
14
22
3377
3365
1897
2616
127
70
2411
2369
2883
1647
71
1137
1211
5
4187
4223
4087
3287
227
4235
2655
582
3432
311
4292
2076
3686
767
4236
3372
3026
2557
581
251
2749
674
2370
3581
1018
4070
2006
1507
2850
3703
2017
2897
4023
1490
1856
1143
3064
893
2408
488
1003
2430
81
3527
781
2202
2283
355
498
3130
3529
2863
1613
1378
211
2377
2501
4325
3285
2705
3718
1411
3774
2368
3634
2853
3719
1638
4178
3870
190
2308
2599
1441
2474
1064
1433
35
2490
2529
3269
387
3440
1330
3148
2680
2661
1322
68
3512
2709
2299
3283
401
2123
544
3139
1616
4315
2250
2879
979
2588
3678
1332
1972
2277
4220
2509
3251
2917
2891
3465
864
221
427
2094
3452
1669
2190
2223
1807
3155
2110
3161
4184
3643
1819
1974
2007
3181
2949
3004
3738
3451
4173
392
4165
3917
3448
3742
2077
732
1941
3626
245
887
724
2218
2449
2651
209
1556
3351
3916
951
4194
3458
4120
2319
4082
3737
328
3040
2062
3755
20
3197
911
1605
1615
2573
2416
3476
2216
4078
742
26
2987
2689
4280
2868
3980
167
803
2139
2539
1658
505
3546
461
128
4064
3376
3042
2927
3928
3361
2422
2252
3676
703
1096
3052
1305
568
2019
2921
3551
4265
2741
451
3915
1034
3257
118
686
3962
4329
3441
1082
4117
3526
2620
2885
2303
740
332
2920
3878
737
825
1299
1369
247
3982
309
3433
3951
2819
2864
1277
3587
3466
1162
510
1574
2806
484
4289
705
1798
159
3706
1105
3094
144
2361
920
3199
1315
661
1942
2909
38
1037
1718
2928
716
178
743
3884
4051
4164
2182
2001
1560
2564
1913
3887
4215
1619
3151
3591
548
3150
1684
3041
3825
480
2887
157
3255
449
1671
2656
1672
139
308
1465
4074
1347
1119
1484
2500
1418
3803
3013
3949
2665
2050
945
4217
3309
4049
4072
4199
1495
1109
3552
172
3164
1595
782
2388
3886
1509
596
260
2660
688
4330
669
1240
2703
1263
4291
4241
2437
1307
3976
105
234
591
1758
3314
3326
3938
1336
4253
3220
1704
3790
153
1579
2936
3337
388
500
1859
1379
2105
1217
2136
31
3415
1846
1847
3160
56
3193
1514
3644
2489
1969
233
1754
821
2768
1845
2833
4248
132
1510
2380
1753
1225
1493
321
1884
763
702
883
3417
1594
398
4174
1559
2753
1737
3921
2787
1678
3135
953
4151
1061
3927
1297
3629
2445
448
1829
3538
116
2968
1046
1748
1026
976
275
2951
1319
2091
1068
1719
3253
550
2230
3614
1414
1985
2454
884
1280
39
1825
3182
2854
3744
2280
2861
1002
363
861
888
1028
3766
2809
2014
302
1732
3844
3714
542
1224
3033
755
3697
2248
3034
1386
2002
394
1630
766
3796
8
1222
3940
1204
1256
399
2070
2135
3339
1243
1353
1180
2232
1191
4255
3058
2802
4080
1488
3338
360
1051
818
1429
2595
2613
3229
597
948
571
1372
3420
2611
3834
3168
1083
515
3913
2993
1781
3931
2426
2
1363
1380
3648
2579
1735
846
2803
4014
681
3385
4155
3174
3811
3343
3990
273
3304
3964
2334
3345
3590
4323
4304
1344
625
2350
1981
3911
338
4096
252
1609
229
2686
2421
1203
467
2934
2192
1804
2461
1426
1247
3729
622
3569
3297
2457
2150
2171
808
3919
2804
1427
1254
2693
2584
1271
390
475
869
458
2755
1487
3701
1894
2206
3687
1506
119
1264
2607
3637
1782
3679
4297
4204
4040
1681
2008
1674
1765
1229
3929
1876
3444
1828
138
2847
1477
2669
382
570
41
1077
1655
3717
3745
343
2300
2805
3358
3520
2793
3170
1723
577
3817
2226
3712
3114
1568
3295
584
2249
3711
3566
405
3481
3827
1205
3077
1555
266
635
162
638
2589
3093
3250
2623
1355
2258
3418
2962
3490
4041
96
1362
680
431
2871
738
3768
1415
2603
3205
2168
3725
4318
659
3828
3576
3104
2932
1078
2978
654
2049
3105
358
1348
34
1472
771
3071
1227
634
400
586
3036
3683
3926
3761
2265
2556
2052
3910
2895
4140
504
1866
1004
1620
3265
1511
1476
3939
3230
2059
432
3327
1637
2764
1420
817
2355
2569
931
1404
3
3684
1751
4142
472
683
1800
1700
689
1557
2640
1126
4061
3896
1944
2574
2253
3054
1645
1053
692
2799
3402
1125
1066
3450
2124
2081
3612
2614
2552
2959
1195
3530
1261
3157
1146
1563
4062
1316
2668
985
192
113
1633
75
1528
3410
741
3423
1839
1054
1158
3324
947
666
1394
1328
294
1958
4296
4001
1444
1063
1410
42
1822
3815
1665
315
1343
4237
2114
1960
3659
2952
2692
1421
1576
3784
543
4306
2181
529
1527
100
516
2646
653
295
3621
353
655
3349
2553
307
2090
1519
2877
2800
730
1367
1144
3264
4095
783
2940
3110
1717
2215
1991
4010
253
2126
1409
218
2294
748
274
2784
2751
3245
967
1603
2876
2442
875
2173
3016
3081
3236
3622
2130
3225
2285
2455
866
1152
3039
3175
2194
1632
4260
3431
2142
246
4109
1060
3318
3273
3506
3572
1341
411
3443
3961
4214
1832
1150
1170
1682
572
3393
3677
2559
2884
7
3797
2727
2260
2698
842
912
3941
2056
2914
2691
1340
2726
78
327
2267
337
603
3030
134
4152
921
2270
124
3582
2480
598
1708
2794
255
2271
626
2866
1273
1783
4032
4015
3319
296
2396
656
61
4101
926
3350
3496
2956
4305
1456
2791
1430
2140
1190
2414
3259
131
1756
2211
4003
4054
1820
3948
2512
3515
2810
4195
996
2514
882
298
3671
3000
685
1440
3944
2069
466
2842
2775
1174
3849
1482
559
2113
237
1699
3632
3991
1364
2811
844
60
726
1287
4198
1945
4269
45
1218
4067
753
1715
1257
4176
2662
2145
827
3214
4089
3690
3955
1451
3008
36
1558
3090
2087
1928
583
1382
3857
3141
3460
3100
65
212
1570
2593
2330
1113
2714
208
2129
434
1434
629
676
225
3933
2193
2504
4027
3898
1365
375
1428
2736
1601
289
1775
1259
667
3750
2037
2836
2225
4128
2604
263
4231
370
1956
3883
1038
936
3899
2166
1686
4301
1789
1489
82
3646
3017
4168
1147
271
2545
2838
536
3121
1743
643
2676
1808
3184
4149
1784
3934
223
72
1202
1661
1585
3475
2022
3903
3019
130
1376
3140
3548
1133
150
4069
3705
1351
673
697
761
959
1317
3107
2938
3763
1759
877
1881
2233
745
74
2852
1826
287
3914
3655
1598
423
2598
2790
1531
1407
3813
4050
1915
1360
1274
3770
3308
2565
3550
3585
2491
756
1294
2302
511
1591
470
3978
1468
3977
53
865
29
3798
2544
1912
3240
2373
906
4133
2432
429
3838
1624
3246
787
1115
1864
1548
3242
107
1167
3381
216
244
1396
1040
1503
1324
1572
2401
2030
2441
383
3747
1830
3518
1893
874
2675
2127
4057
184
1114
3353
2448
3967
1586
1232
4038
3409
4110
4129
1542
1027
1526
1534
1797
1464
1968
3704
695
585
3374
3877
4228
1067
1153
2297
3098
202
2510
3617
3111
1253
2029
1834
2100
1168
2409
4086
4125
421
901
569
3771
2626
1177
747
1575
441
1251
3979
605
832
1996
2362
2929
2269
3894
2583
530
2160
2890
3888
3652
2937
1255
2561
1685
4259
3595
490
3173
3416
1755
2071
2901
351
3208
1009
1937
3291
3348
2436
1395
2824
2568
1478
2395
794
4233
3588
2715
687
2146
3492
189
3651
3238
630
3670
860
4244
3471
1626
3731
4160
2424
964
1080
2967
526
3885
546
241
1992
1811
1015
2931
3462
1221
1342
87
3395
4225
3123
3439
137
170
3087
2538
1877
3177
2830
3463
2762
1107
2771
1055
3668
2488
2813
1995
647
3286
1149
439
414
264
185
2575
1660
623
1306
2133
3726
48
2366
2960
2324
1649
2592
3618
334
3780
1197
3564
2204
3807
445
2904
2338
722
1691
286
1132
3853
1329
1230
3122
3989
4278
3781
521
2403
2647
915
2964
2344
2479
85
4282
784
2872
2761
269
2379
994
2773
386
2935
1019
612
3541
1159
1036
3536
640
1659
1160
3802
3280
3997
2097
4273
2849
367
2888
3872
1794
2653
30
3405
1186
2288
2342
3180
361
1694
3062
4279
3436
3029
1705
2244
2021
413
156
706
1318
1124
3909
4212
2179
3503
240
1879
3673
2357
428
2998
2827
710
1709
3879
4
2637
1816
1852
52
2630
1042
1419
851
3023
3088
3727
2429
283
2425
1213
2057
1750
1020
631
806
1809
3777
418
1650
983
2572
946
2923
949
2375
9
1973
719
1267
2769
450
3791
374
1085
1486
2922
3468
2499
1919
789
3657
2167
3352
929
1741
4094
1349
1777
2208
1752
533
3115
2420
3816
3388
3455
1245
487
1875
1455
3794
1006
1763
1842
1544
2153
456
2783
1746
2913
534
839
3728
1617
4005
1504
3789
43
462
2098
885
228
0
2261
2754
1494
3577
1388
3891
3504
2386
4295
4024
2910
4262
1835
160
2605
3743
3067
769
3037
57
1298
2532
4090
303
1071
3818
1292
3918
1226
1512
1130
3146
1786
3124
179
723
2513
226
3514
664
3660
168
3507
101
1697
369
4183
2336
2212
3363
318
1720
2347
1128
2468
1562
3925
1320
3322
1713
727
4188
380
538
4134
1359
3831
3932
1148
3864
868
2924
3735
2851
1387
938
2971
114
857
1479
1474
326
678
4084
1774
129
2926
1994
4161
3862
805
1604
4171
2060
2743
2731
3406
3988
1358
1325
424
4313
3400
1401
2767
2635
3782
1033
2649
1553
2433
1977
2256
816
4230
1176
2997
699
1607
46
670
4190
2875
565
2099
974
3156
799
3869
342
3769
2061
2138
1284
2641
91
3867
4112
3835
1313
4105
2992
2843
1302
1975
2189
1936
2710
248
1448
547
3776
2617
3633
3488
2788
754
242
1980
4216
4035
3360
3446
829
1044
2155
3456
151
317
3006
3485
909
2117
895
4019
112
2141
1189
1310
1361
3422
2585
580
3429
1370
1270
924
204
3323
2042
3224
3562
4328
777
2828
709
2264
3162
249
3508
3073
2682
2398
2222
908
1522
2018
1627
856
3836
2622
2892
1047
2103
2908
555
3076
3369
2570
305
238
2163
4099
3203
3442
365
1722
2722
4322
214
1734
4076
2958
3762
135
3355
1346
840
1497
3489
3609
3311
4238
1326
2247
117
3333
1957
3832
831
3336
97
3627
1220
2772
1581
2306
2530
2075
4227
1890
1927
3641
364
3178
2925
672
1964
3046
1612
593
1188
3822
1646
3509
17
3478
3437
2335
1923
3212
4108
3537
3501
2439
785
3453
94
1776
1524
3837
486
519
4209
1640
578
4277
4207
1377
2351
90
359
1141
1452
814
3145
3313
200
3540
2262
3467
457
1099
2023
3666
3594
3248
1900
1966
1552
2848
3756
1079
2816
2353
1436
545
4150
4122
2134
2821
997
720
4016
3981
662
3598
2716
44
2644
222
556
1566
910
858
2314
1639
2867
561
2389
1368
758
62
746
3144
3362
1219
4012
1439
1549
2994
4180
3421
1651
3044
3638
3553
2290
3904
3604
1460
3695
2560
646
2977
136
567
1408
2840
1031
2758
2976
4264
3573
3584
2053
780
2191
1795
609
28
1541
2740
2778
954
1933
1796
1157
3106
1402
989
123
1634
2535
3880
2747
2450
3556
2384
349
4169
1914
809
330
779
1021
557
3002
1022
98
1836
2627
4135
3282
3383
108
2808
1687
1356
1769
4148
725
3635
4124
3788
3994
2950
2305
2199
407
1565
3723
774
3960
759
2918
329
2906
3760
299
855
2782
1417
1948
1785
40
3032
3300
115
324
2542
2318
3247
2385
2760
2750
2587
3379
1142
2476
4126
3011
219
1688
4017
2580
3685
3298
2970
3320
2131
3575
2915
762
3645
420
2941
1924
1156
2679
942
1529
2986
453
301
757
1814
4208
4316
932
2170
3367
3902
1573
1656
1721
1831
3103
494
1013
2757
2634
770
1175
1935
1870
280
2642
1880
3010
1787
196
1088
1209
1653
2974
1390
645
4205
1889
4185
2246
2497
1952
3860
4293
2015
2857
1300
3328
2358
1918
2966
896
995
3820
614
4327
3758
2933
574
2672
3342
2161
824
3346
1926
2120
3299
1898
881
3623
2031
3908
764
1887
2287
1275
4107
637
871
4146
3943
1772
535
1384
438
941
1706
1546
385
2907
3494
2845
4088
1383
188
111
3213
3477
3152
3341
1523
2718
2823
230
1095
1791
58
3875
3558
558
2684
1967
1334
1
2732
4083
2957
711
793
161
210
3856
1005
1406
2210
1173
2391
191
368
2005
3425
2394
2618
1861
3312
1978
3426
1771
3539
4221
4246
2333
2231
958
2281
3171
1727
4191
4044
830
2486
306
2378
3607
2203
331
1963
99
679
847
1039
2546
3078
2371
3263
3169
2340
1916
1276
4063
1228
4201
2858
633
1192
1400
1103
2339
772
1702
930
1333
2658
3596
290
21
696
4000
701
2900
4098
1470
907
1337
3954
1711
3391
2147
1998
800
4103
13
2648
1841
1554
4055
3542
2567
345
1235
2331
3511
4056
1463
2516
2128
102
3996
3196
2004
3120
1641
2118
1855
2045
590
4007
3227
2119
268
3142
4118
2829
1837
2402
1689
1249
2219
3239
2274
1295
1690
2460
1106
3654
3268
3270
181
2036
4144
2383
988
313
2507
443
2985
1198
3523
3055
12
3665
1065
1423
961
2102
366
1539
2945
4302
4172
4192
2172
1502
495
1740
2186
3513
3809
1062
3223
1662
792
4077
1614
4309
3419
2010
3751
2184
3947
4047
1965
3606
966
3112
3218
1564
1123
944
525
4182
3075
3720
3007
2776
3574
4097
749
292
1608
1625
93
2058
3661
37
3035
393
1946
3534
3850
2475
2657
1729
187
1728
892
389
1492
1179
3387
2738
256
2586
6
1461
2083
1652
1445
79
224
611
3559
203
4004
3125
3942
1100
19
2295
1416
1955
1403
1840
2109
1931
2999
1045
1090
3276
4261
750
894
1901
1868
1127
1164
4303
1163
464
1385
1389
2756
1145
231
1905
1628
3734
1938
1505
3079
3848
663
3373
2946
2093
1442
1951
1238
325
2048
3968
1788
1733
201
3497
4008
3843
3772
3479
2862
416
902
2024
3675
2735
2720
3217
2602
1724
