4292
207
3415
2624
4116
2848
195
4599
4063
310
1097
1562
2533
3561
3911
1371
4549
1875
1826
2129
4648
4554
4431
1659
825
3142
3993
4982
54
489
1901
2407
961
1275
1305
3276
2573
775
567
2943
3597
444
3667
754
4251
1743
4925
3167
3743
4986
3338
1487
2812
3842
1362
2392
4804
993
977
2288
3710
117
1101
1877
960
3086
1084
3628
1824
2962
947
2952
4457
3678
1958
4927
4556
4068
2604
1200
4194
3293
4475
4815
294
2053
3446
2840
4113
3102
3455
629
2537
819
512
3615
3471
779
2432
2941
2511
546
2069
668
1257
2762
1236
2430
429
2022
4810
3500
1982
414
2768
3334
2316
3507
3298
1485
53
2422
2972
4619
1002
756
4411
2371
4348
3041
4974
3972
386
2402
759
56
3169
3025
3697
3654
3266
2283
4222
3916
975
3915
4086
5039
2314
300
3152
2296
2894
2308
1967
3060
3318
3172
1993
2154
1368
2688
3242
1718
506
1801
4330
1208
3158
5051
588
3362
2162
2874
477
2663
4248
2687
2322
3196
4780
2087
309
1105
4797
4378
3159
3680
131
967
1233
3808
171
1745
4388
1241
802
1484
2513
226
1414
4939
1324
1727
2792
3503
3694
2800
3554
2257
1922
4727
1559
1786
1620
2849
4959
577
2779
3494
4745
2598
4342
991
874
427
1981
519
4931
4963
727
3205
2565
4477
127
4489
196
2791
1432
4274
614
4928
748
1921
1256
5036
4427
3438
3740
4173
3928
3085
2337
305
903
2810
839
2886
2108
252
790
4102
3451
3926
4263
1545
987
16
1228
1816
4358
875
3305
4753
2448
3966
43
3372
156
1098
1722
3223
2463
653
3373
1554
145
1469
3735
717
1175
4401
2830
1465
828
3750
571
3556
409
3963
578
5049
4112
451
3824
4581
1199
331
606
2114
4452
746
3747
3319
2284
2629
4408
1759
1518
4463
4983
2072
626
3027
3541
3047
3605
827
1053
3826
4148
4723
4725
4061
5026
4539
3310
284
2760
935
3742
3609
900
2189
4584
3032
2255
4901
687
253
1919
1365
1991
2003
129
2406
4426
1740
404
317
1301
1955
4158
3579
3096
4668
116
3971
3576
1299
2954
369
4752
2845
1494
4162
5044
1238
693
3128
3645
3461
864
1351
2580
440
2471
1191
3998
64
1442
1032
2483
4580
2693
2898
4920
2253
3530
4631
4166
1379
3720
798
4828
3209
3683
1564
3005
888
2012
3738
2418
109
4629
3938
4807
684
1905
4671
882
878
3924
1695
1061
476
1693
5054
644
3229
5061
2656
1601
1873
3516
5047
628
2119
2572
1953
3612
2903
4009
2602
1892
4198
2142
714
2870
3607
3188
4441
1895
1288
4588
3043
2035
3038
2994
801
1886
1882
1180
4829
2622
3725
973
4017
3315
4199
3838
1363
3942
747
1243
3879
692
1399
4972
873
1978
927
2759
4106
2089
995
37
3482
323
1658
491
2576
638
2593
186
447
3642
197
5035
1189
376
841
3990
4024
3685
454
2609
1835
5030
3403
375
4423
3076
1052
4929
1712
3015
4728
490
4320
1888
4341
3351
4047
2059
172
4057
661
1509
3200
3454
3755
3122
3671
2793
549
2553
4803
324
2093
84
2936
3179
1532
837
2579
4077
4058
886
2247
4090
859
4293
2866
1776
4737
3540
2143
1900
1217
188
539
4069
1242
4504
2168
2842
800
2584
3320
1326
768
721
2279
3445
1225
148
640
2378
4618
4456
2571
431
3764
797
963
4087
3578
390
617
4714
2659
4967
3955
2342
1911
4264
1128
1884
3282
1276
4764
1576
1624
2027
572
574
1942
698
528
3496
690
2327
2519
2213
5037
4438
2216
680
2502
1676
1142
2887
974
3603
2714
3465
2627
951
4001
4308
4558
1072
4324
2632
835
917
1775
4704
2299
4138
1280
3585
2102
1670
3153
2675
1211
2696
1741
4833
4482
609
1610
3521
438
27
1321
3444
2439
3887
153
224
1272
820
1292
4481
1187
1813
1397
767
358
3033
2079
395
4965
1337
2623
3574
2016
67
4433
2757
4792
4674
2346
2029
3091
4178
2626
4765
3560
4872
3127
2567
1359
2498
3508
1677
4299
1874
2851
3447
3156
4038
4129
1117
433
2815
4186
2883
1222
3869
4989
4010
1347
517
3777
14
3913
3326
2805
3421
1481
1864
2133
3263
5071
1492
5025
458
2547
2939
2706
3917
4337
3727
733
2568
522
2088
753
3823
1598
3880
2427
2922
4635
3348
2968
1421
1848
106
4773
1662
1059
4216
4732
789
1881
2100
97
360
4688
1671
5067
3078
806
160
3311
193
1621
304
292
3097
4746
580
4507
724
3754
3261
4946
3481
19
4740
2767
4997
2155
2118
2361
3601
3961
783
1772
2524
2988
2138
3296
949
3344
3095
3982
4099
2185
3114
3070
474
3483
1383
4799
60
4607
1330
2017
838
4720
373
4050
1075
3224
1588
2969
2636
2482
430
4215
2928
4800
2215
201
2555
2911
1212
1207
308
2249
1615
4192
1754
4591
3836
2015
2709
2559
248
1040
1589
2356
1204
4537
4376
1706
1081
719
1384
4774
966
2786
2852
1568
4897
299
4037
162
4817
2470
4838
4284
826
3423
4467
165
976
2282
4912
363
3858
3244
829
3602
4570
4310
3346
1046
5062
2826
5005
2368
100
3182
2057
4325
4237
3943
3139
89
1985
4914
2935
909
2638
3353
934
2575
2080
1387
4421
3763
286
351
3117
3700
4415
303
4046
2592
1295
355
1417
4858
4953
4392
749
4250
2347
1038
1444
4490
164
2139
2734
913
739
4151
4748
1240
2562
3630
5034
1997
3499
4557
1623
4805
2590
615
316
3877
4238
4451
4941
3103
4289
3190
916
2564
2235
2764
964
1768
208
2727
4624
3125
3670
2770
1244
4926
1005
4118
3463
2680
3752
479
5009
2266
2713
694
1125
2286
2556
3485
2801
2170
2234
3959
2491
3155
1353
2184
426
1788
1964
3627
2239
4217
646
4697
1975
2829
365
3978
3846
911
1235
4530
383
4802
1438
3449
2778
3935
854
4956
225
340
2074
3967
2664
939
3569
140
1050
3087
495
2747
2621
4722
3116
1651
2043
4160
534
2933
2469
228
4147
4583
2423
4962
2802
937
3301
799
4039
3634
1197
3791
88
3235
1467
4155
2909
2324
1453
370
2744
4409
1685
2182
1668
3279
3551
1731
3236
98
1957
4698
2238
2795
3573
419
3251
2868
4541
3051
1220
4193
1889
4307
2158
1660
4990
815
1458
2495
2490
591
1748
2661
47
3769
3118
4790
3359
2646
3457
4386
2049
1948
2973
3732
1726
4265
1022
66
4730
464
2153
1626
3340
4874
4268
3132
4210
4827
4187
3668
3355
1954
2966
5052
843
3625
1048
2910
3385
3365
3531
4128
2242
1750
2018
3388
138
49
3297
5043
2431
1798
4767
3582
2268
3526
493
4146
743
4694
4025
1880
496
3953
1176
2232
2655
2464
2220
3017
1325
2474
536
4385
4062
2535
2188
3225
3975
4336
1909
55
3908
1780
1732
958
1354
3983
548
1825
3673
2459
3345
1757
543
598
1700
4675
3598
1527
4861
4843
4297
137
596
4313
4966
334
1203
190
45
3437
4505
4340
4285
2037
3262
1370
2913
3074
2197
1415
302
2658
710
1686
3510
624
2912
1879
2895
2652
3829
2703
2993
2105
3134
1486
4756
1477
4256
2681
3098
1739
773
1555
2591
1085
2925
3783
4923
999
123
4628
4984
4894
3501
2871
2291
1596
5000
1151
2169
1483
69
4413
3539
2539
1120
3663
1356
4700
3659
3937
4015
3674
4304
1028
1602
3286
2179
83
2421
4850
1795
3075
1812
4351
3234
4717
3765
3974
4080
4465
4294
3925
2447
1831
760
2507
2521
4334
2545
72
523
3275
2359
4637
2476
4724
5053
2756
2995
2834
3895
2331
4788
558
3876
4276
3537
2394
1800
1069
58
3545
319
4525
3741
3001
280
2486
1751
3203
388
965
4750
2355
412
541
3977
2824
981
4200
4233
2461
2435
1139
989
1760
2405
4825
3707
4663
4823
4735
1633
1013
3614
4209
1604
2865
2899
3439
1196
2503
2736
3478
2819
1632
2947
4065
893
432
1474
2597
1641
2516
4683
3356
1027
2858
1687
96
2551
556
890
4350
3035
2822
3222
3736
4382
1452
494
271
4040
1045
3184
2749
2698
889
3039
3523
3722
2776
1729
1323
4855
2794
3394
2637
76
4380
4375
1896
1194
3771
2351
3162
2889
2808
921
1349
1457
4757
1777
4761
3170
2190
4952
2823
1537
2397
4512
4279
1146
413
3093
2410
159
3837
3546
3254
2313
104
2267
4247
4651
4731
1804
3321
2205
4035
2745
2612
1402
3124
2594
1774
4710
3019
4900
2536
4814
561
234
273
583
3529
702
3644
2112
3822
3832
3037
2065
74
3109
1915
846
4733
2259
4888
1569
560
4636
1373
581
4321
1319
1174
4766
439
1927
1401
2180
3570
1270
3063
2090
2875
5017
2292
4864
1424
1790
4749
1472
1193
4211
652
2245
902
1025
969
4798
3273
5033
4202
2293
1409
3509
20
1186
80
4021
1746
222
5024
134
688
3889
1063
990
4771
3800
1503
287
2157
1488
4935
4257
1963
4954
2541
524
3951
2398
3818
601
1423
603
4085
2007
1185
2932
750
521
3524
1056
4819
933
4403
2278
599
1661
1749
2148
2085
1352
531
4885
2673
4969
4729
2365
3688
2330
176
4836
40
2265
2066
3174
2914
1505
2557
3289
1635
520
1862
1714
5020
150
2021
3739
3307
1311
4120
5058
2726
4555
3408
1127
3361
2854
2159
2298
3746
1209
3049
4201
1965
4879
5048
1867
2334
1163
4205
982
4640
4860
1703
4400
99
4016
525
635
4213
2387
4230
1076
1516
761
3900
633
269
4395
1184
4282
4072
1274
4908
860
481
3807
1680
1016
1130
3952
4171
241
122
735
1327
2587
4228
4917
3028
2457
415
3278
391
738
4520
354
2492
5021
3238
2243
1865
4840
4229
4496
238
1116
4314
3881
276
3962
282
73
4221
2705
3588
3042
4052
3517
1449
4290
604
1594
424
2505
3810
3339
4329
4687
3003
2975
2204
3371
2362
2218
4041
4245
3380
4996
4616
1231
5055
105
4029
4150
3164
1089
4018
2411
2924
2989
77
4398
2240
1112
804
4715
136
3382
498
118
2319
473
1778
4458
380
926
4794
4848
2611
879
4657
4868
2497
2496
5027
4163
44
1123
4036
3538
2120
3865
2653
4447
3999
3980
1035
2067
2373
1378
5070
1216
4428
1924
3062
4183
4013
408
3814
4278
589
3416
2500
3240
3314
1177
1012
870
2010
1903
899
2694
333
4235
1642
3497
2381
3584
1030
4365
3665
3724
4270
3870
3825
1239
2662
79
1141
4849
4911
2262
4405
2499
215
468
2586
2161
2717
3580
3211
1617
1214
3798
619
2193
872
818
3066
246
3976
169
42
2666
4196
3146
5057
2287
3325
555
1869
4643
611
4008
4414
4434
3246
2729
3658
1195
2942
563
2814
2930
2811
1462
114
1627
3337
2225
3004
4964
4985
192
4430
1223
2980
1614
2009
4980
3792
807
4225
3230
3495
665
3335
4161
3687
1058
2691
1495
2244
377
1019
1767
485
1854
4246
1669
2639
4847
2103
1049
885
957
2441
1446
850
3309
2581
2897
3760
4462
2127
4437
3112
278
4930
1654
62
782
1150
2417
2165
4478
4322
416
1839
1941
3512
2872
1885
3632
2389
4123
4696
4333
4566
1664
3921
3123
2978
4571
1037
4712
3143
3596
2527
1406
1622
1829
3553
3210
4071
4191
1717
2034
1517
283
5006
3323
2350
488
3968
2424
510
2867
4143
2738
1283
895
4344
1716
3794
2304
4266
87
297
422
3693
2997
3021
4189
3269
1814
3384
3442
3195
1003
3511
2384
3815
2396
1707
180
862
1202
4665
2107
3964
1847
220
3248
1482
810
4170
1640
3101
435
4575
2191
4204
1060
3690
1380
3504
450
1736
671
4528
15
4070
813
1237
3333
3191
1992
2115
3664
2967
2690
3144
2701
2248
4224
2382
1883
2628
5064
2620
1213
4012
3071
4004
4568
772
478
4661
1771
2977
4563
3213
318
1828
1878
1987
3250
1631
708
4546
2041
4670
1157
3863
4669
3290
4699
254
1852
4921
3110
4510
4115
240
2110
33
1315
4707
5077
3343
1542
1808
1205
1221
4079
2488
166
191
332
1962
2414
3784
2992
1643
3304
4632
4977
3135
1291
4852
1441
1735
1856
2857
4948
3048
504
2754
814
1618
1688
3666
4206
4064
2615
2383
4851
3716
645
1403
4898
1366
4863
1278
5059
4606
3249
3450
3778
897
4603
1515
4327
2194
4652
94
1520
4889
4271
2019
2549
465
1389
725
1979
1713
3280
3022
258
4207
3505
1974
1179
2068
630
198
4117
4312
1376
4866
3731
3283
4621
1499
1476
125
4684
1224
142
4455
4789
3651
2481
2827
1636
1122
1162
2668
1335
667
4497
1218
755
402
1933
4859
4597
247
4834
2098
396
2428
4096
4950
86
4904
3827
1653
4394
4951
2991
1109
31
1755
3383
2415
2031
256
4605
4943
845
513
4363
3216
2063
1103
1471
877
4811
1234
2335
1645
1152
824
2311
2603
4567
2099
3932
3897
3874
1551
1770
4377
1165
1851
5046
4596
3491
1674
2326
3652
4501
3360
1926
2588
147
4508
3329
2566
1579
61
1464
3756
2045
336
167
2940
5013
2047
663
1322
5068
2440
1065
4625
631
3284
2702
2595
4844
3785
3133
4813
1391
133
2799
3682
4164
4689
2062
2426
251
1612
2042
5029
1036
1561
487
2538
3393
1673
2060
348
1332
2236
4417
3636
4709
4832
428
3014
4354
78
4419
1271
4538
1606
4003
4547
3830
3851
242
1899
2281
2836
821
4181
2039
500
3218
822
4565
4280
3558
2560
2214
4399
4153
4662
1570
1340
2011
3782
2765
4918
3059
4776
2589
2237
972
1711
778
2723
4176
3104
236
2716
4281
2399
1730
2001
4435
4469
3149
2339
2741
2485
3473
2569
2357
2737
2144
4014
1523
2755
2517
2990
2338
5041
4892
3016
3136
3575
1747
795
2413
3013
4947
3358
2210
881
2821
678
3699
3936
1478
3306
659
4231
1897
856
4586
2135
2360
2147
4168
2733
2263
3115
1904
1447
3705
1720
4110
1855
3024
948
595
584
1102
566
59
4005
483
1657
2880
723
3626
4306
1519
4317
3691
417
4449
2325
1638
1302
4260
2040
2126
980
2718
1744
4856
1071
4364
3350
1183
1042
3391
349
296
1188
267
5011
4916
5014
2672
4653
4993
1033
1917
4402
3635
1303
1782
4255
4232
4066
4701
2178
387
594
1733
4495
4410
2300
1031
2893
1088
507
722
2494
3528
2782
3888
855
924
3498
4368
3868
2125
3220
3986
2477
1783
2109
3390
3479
3180
3069
4353
1701
4131
4197
3957
1530
2674
2856
4968
998
3054
3891
486
3816
270
1293
4782
3866
3067
2217
3965
1625
2056
2425
1124
3083
2231
157
307
2033
1475
2223
1497
3147
1708
4880
239
2290
467
740
179
4190
1306
1201
2919
295
2752
1445
769
4002
3766
1345
4896
4253
4582
1367
654
3563
1630
255
4978
3034
2055
4355
3901
1073
4692
3202
3745
2280
1010
3947
1940
788
262
4373
2728
2083
3113
1328
3427
718
4464
4244
4259
695
21
2860
4574
2113
4179
3909
2921
4620
1390
3898
3883
3611
3856
4459
3989
4022
2277
3194
2719
922
996
3166
1923
2878
674
677
2332
3467
5019
1041
4236
1843
4349
5063
811
2515
711
3577
4088
3768
1267
212
1613
128
2479
3046
666
126
185
1425
575
3519
4142
4172
3406
1493
3589
1827
3291
1994
4572
1898
777
3011
3354
1250
3583
2642
4526
2264
686
4436
2450
928
35
3000
4820
3882
3923
1605
3912
272
590
2181
1887
1436
356
1473
1114
3299
3056
326
2321
650
3907
181
3567
2578
2465
781
1959
1817
3119
2509
3065
4862
3920
906
3872
3648
4945
1375
929
1232
325
1725
4175
3171
4119
844
2175
3186
2879
4867
3623
3776
4471
3026
2048
651
4540
41
3919
2927
1433
4177
2534
2689
4055
1254
1252
1702
2305
1698
2344
442
1581
4513
1791
4347
2528
177
2616
2863
2996
3443
3621
1629
4562
3646
1932
2306
3809
120
36
2254
1534
2026
418
2208
834
1649
3232
330
3973
2480
4994
4468
511
4045
4854
3555
2959
4480
4992
2071
4630
2449
4638
508
1583
3256
4758
2855
4309
1316
4494
2369
704
4031
2212
4678
244
3010
3689
2777
2028
542
994
2363
1171
143
3336
2171
189
4483
1018
1692
359
4610
4647
4995
1571
1842
1611
260
4762
2780
230
4515
2475
3120
2724
4781
4988
3806
5003
3177
4991
1350
4881
3002
2221
1858
2531
210
3374
535
923
462
1844
1268
2558
81
1684
2002
1930
2722
620
4615
3799
745
3948
4743
3157
851
2697
63
3757
905
3429
2137
1821
3941
3466
2843
4137
163
1850
2956
3995
4609
1556
1198
4156
3221
3040
3859
3992
350
1310
2617
3890
1364
1161
2671
3790
130
472
2772
4476
1307
942
3681
1172
206
3958
932
437
4598
4949
202
400
4332
93
679
2271
471
1110
4182
2116
643
13
2809
1681
3649
4140
2831
4338
4744
642
2131
4511
3077
1253
3389
4673
1593
3599
2520
4763
3441
3931
4944
4343
3452
344
2761
1944
3728
4491
4339
436
3544
3055
2838
1789
2828
5001
3462
2601
4241
4932
2443
4301
3894
1566
4302
4680
2302
353
2861
3796
4498
3207
328
2224
3111
1300
4028
28
4323
1106
4691
4054
1491
3940
2374
2446
1738
3613
941
4360
322
1159
1282
4672
2075
5015
4902
2853
562
1675
2917
366
2233
2813
3375
2599
2219
5074
868
701
420
3833
3073
1158
1549
2904
3734
1766
3199
1314
3841
2462
4593
3243
4242
4429
3970
3459
4577
4488
4084
1333
1988
425
1039
3480
1575
2273
2467
729
901
1871
3767
168
3327
1169
1413
3751
2123
2679
3187
3476
446
1582
3711
3228
1646
785
3886
2140
1682
4871
978
2660
2957
610
4288
4154
3813
3696
4450
4370
3811
3713
4936
625
1983
3780
2771
1806
3292
2176
1342
2790
4034
986
4534
229
22
3352
4219
2222
2076
4873
4049
2272
2847
4133
1784
3726
2976
4059
4101
3400
4136
2630
4590
4127
2732
3272
2841
764
4686
306
1934
713
3950
1264
518
1468
3486
616
2487
2466
3927
959
1945
2366
347
4073
3484
4509
4626
1947
950
1799
3844
4796
4044
401
4742
3840
3662
1502
3848
1652
2082
445
4500
4094
5069
1544
4145
3007
3522
3247
1006
2846
2323
766
1918
1543
2276
341
2774
637
1339
1907
3426
2437
3703
1837
3643
1815
3089
4108
2388
3217
2315
4955
4890
2433
2013
4305
1802
112
2301
1410
2468
3030
505
1866
4443
3568
199
2385
4641
1385
1846
2051
4545
4754
4121
1809
550
1133
1914
2806
683
559
3641
1591
4218
4020
3944
4865
281
4604
3029
3161
2695
1155
992
3946
3425
2121
1595
1215
4589
2677
858
2473
1459
2195
3402
2202
1557
765
1455
1616
4356
2633
4261
1463
4760
3349
4830
4739
1721
3121
4573
3245
4777
1678
221
2149
831
3264
943
124
268
3775
2070
1227
175
4311
3274
1667
4139
682
329
4612
3581
979
3219
2453
200
4711
4846
4167
3342
4331
823
1868
3595
4751
533
597
4924
3714
2014
345
463
3064
4970
660
898
1841
2684
3099
469
1066
1382
3789
4705
2403
3929
2929
602
2605
2128
2923
2434
3154
1381
1170
1528
399
2938
1857
545
3422
2635
2529
2367
1079
2167
1793
736
2532
4544
2207
1830
3737
3302
3532
3586
3472
1132
4783
954
2025
187
1181
85
715
4424
2574
3730
4432
1585
2987
3988
184
780
456
2844
4779
2150
2523
2046
988
1020
3287
1308
1807
2094
2201
2420
3100
2006
4795
2122
1756
2020
245
3008
2998
1719
2151
3884
2542
4801
4109
1619
2554
2944
4933
3295
501
664
2227
4645
1980
816
4919
984
2970
3259
3622
3281
632
2641
457
1470
1792
786
1456
1787
1095
4747
4677
1849
2974
339
2999
4130
4679
1977
1080
1294
3460
4895
4486
3328
2372
4315
1560
4542
2078
1876
1650
1522
685
393
4837
648
4552
2585
2095
291
48
39
4303
3812
944
4592
3079
1969
3082
1949
2023
3381
4551
3058
4056
3803
2818
2329
4785
2408
1298
3316
3376
3550
3801
4030
952
1021
2789
214
1810
2445
1118
3364
527
3367
3399
3198
3197
675
4578
1818
3549
4098
832
3788
1608
26
4300
705
2101
3684
3053
1832
2489
3140
2444
728
2654
2458
1147
1496
3131
4842
3453
2682
155
1973
774
1891
3369
896
2643
4734
3183
389
4485
741
3899
2618
1067
4656
1709
726
497
2946
3706
423
4097
4104
3201
1443
4532
367
4695
3817
4135
2577
3433
4367
3440
794
4857
1026
2686
4220
4195
2669
1587
259
2166
2543
1656
3855
544
4254
4273
4100
1044
3679
869
4721
1679
4027
4841
5031
4042
1705
4023
4393
699
2748
1104
1822
3231
4366
2211
4122
2008
955
3006
274
3050
410
515
2892
1358
1408
4806
3267
4316
392
3404
863
3405
554
622
266
3701
4535
343
1336
3657
2141
5012
3805
4470
4134
2452
4822
1498
1100
2514
448
301
4891
352
3430
4560
4644
1823
4492
1156
3660
4006
2097
3773
2370
4793
673
2386
2949
4051
1734
4404
2478
3650
3933
2945
3535
3176
2908
5022
1247
763
3260
3820
1372
925
2336
930
1506
4407
1341
2787
1943
5004
553
2530
3566
2667
647
2377
4839
3905
3018
2784
3317
703
2173
158
1607
744
526
4519
3488
101
585
1989
4422
1078
618
2610
1704
2124
2451
321
51
2951
2891
2758
3847
1956
1540
4445
2544
3562
1628
2885
1296
1690
2926
1014
4169
492
3903
364
3606
1894
1320
3994
2955
1836
1961
2270
1129
135
279
3873
2971
2644
1281
275
4346
3867
1093
4319
1672
3604
3686
2869
4262
1137
1131
1970
4934
3080
4223
4971
4667
1113
2328
3547
3653
1258
4126
4594
2888
3475
4876
4503
4559
3533
1265
4718
3322
4654
1971
4092
1431
540
3781
4738
1428
4396
2401
1360
4600
1572
2404
4884
3587
1279
3831
3233
3759
4770
1082
3514
997
1769
1167
3718
4693
938
2353
4627
4521
65
3061
1394
787
503
2260
277
5073
641
3761
173
152
1752
2199
38
607
2735
2354
3661
2753
3979
313
1552
3572
2906
1697
4487
2570
3258
4448
4374
434
4639
669
1143
1908
1794
2526
2376
1998
2657
4585
2708
1068
3592
3212
1995
2352
1773
1513
4784
3518
3330
1984
2740
4060
1859
887
953
564
110
90
752
639
4453
4905
3277
382
151
3377
378
1149
223
1245
4291
4516
1318
3312
3762
3878
2297
2192
4649
1361
1251
3175
2317
2203
2803
1863
459
833
411
1099
3068
3996
1329
1803
4666
3552
264
250
985
2380
1338
593
2174
532
2561
861
2312
3192
397
4553
547
857
848
5018
3565
1683
4816
1248
3640
1694
4440
2948
1297
2746
2692
4499
1144
1833
3871
4882
1287
4000
4406
3608
2552
1691
662
2512
1210
4543
3341
141
4095
4878
4083
4484
931
1092
867
452
1893
4883
4240
2583
3786
1070
968
443
3590
4682
1811
227
865
2715
3939
4736
1262
5056
2289
920
582
68
4518
4212
1580
2024
3981
3031
4741
2676
751
1968
4326
2651
3417
4845
3513
5040
1206
4007
52
4362
3239
4416
3331
183
2649
4442
3185
4938
2783
3804
3270
4361
2522
2835
1996
455
3875
144
3795
3285
3253
4633
132
394
4081
4472
3843
3945
2348
576
757
3387
1263
5010
3395
1925
891
1584
4975
2230
3418
3893
4915
2310
4942
670
3130
3407
2054
1906
4999
2111
4611
910
918
3548
3456
3378
119
4877
1479
4277
502
237
2742
368
2600
1420
3960
4531
2731
4976
2345
5050
1396
1531
3850
3849
3255
3675
3294
1461
4716
3542
3619
4522
2320
4658
2251
2409
4875
2506
2634
2525
4608
2804
1140
311
4267
4536
2228
4053
265
712
3288
681
3770
2172
1902
4078
1434
5028
3721
2309
2890
3672
2261
696
1644
1015
285
374
3431
1164
2186
4706
1344
3208
2937
217
2750
3839
290
4676
4418
2252
936
315
2455
3692
1976
720
2274
2550
5038
381
4961
1524
1600
1395
2884
676
3072
2983
3892
2540
1096
421
2876
4772
2901
2699
1785
1529
892
2965
4887
30
4318
552
161
762
2905
734
4681
4713
1087
2084
1724
5023
4283
689
4524
449
3023
1090
803
4335
3370
4227
4444
5007
3914
4826
3527
4614
3493
4033
1480
4383
3906
1637
3165
2508
2104
2200
2134
830
1166
1119
1404
732
3470
82
3676
2460
709
1377
1535
5065
2294
1916
592
4387
3593
4708
346
3215
1148
2504
3189
4203
3557
983
3954
962
480
3094
3435
3107
2712
2796
2984
1121
29
1074
3860
1266
4768
1500
4381
3744
4345
4105
403
2379
793
405
1317
907
3163
4114
3616
3424
608
102
4479
3237
866
3969
71
3956
91
2773
2393
2648
4026
4910
2229
5016
1160
3428
915
2518
1289
1108
2472
1577
3265
3749
3419
2000
2419
2650
233
3629
1004
2743
1062
1374
3748
384
842
1504
2839
211
5042
4960
706
3226
4174
2665
2837
4466
3397
3487
3434
398
2285
627
4446
3910
537
2241
108
2704
2683
1936
5076
2156
2164
1418
3092
3084
3854
1273
1331
3468
4111
4093
320
1008
4719
1819
1861
538
634
482
484
3618
2132
4141
4907
4149
1111
3631
2625
3160
4272
2438
2130
249
23
3324
4870
4425
2183
1603
1407
2343
2613
4243
3138
3655
1029
2275
2678
1034
1094
4234
3639
1054
4685
3332
3719
636
4208
2198
3412
2341
2364
2390
840
2318
2700
3410
4384
605
1134
1567
1173
4940
1343
1047
2250
2720
312
956
3151
4328
3677
1416
2963
1699
3717
3647
2303
1422
1762
1511
3774
1153
1348
2050
569
46
3793
1663
808
4775
700
1514
3150
2766
4778
2596
3828
4298
3638
2670
4958
3709
2206
514
4579
2256
551
697
4726
2981
3991
2032
579
1357
836
3610
2044
792
4144
3106
1546
121
1001
3620
3536
3502
4184
470
1107
1737
1805
3525
4359
2226
919
2038
940
4659
2391
1388
4622
2058
4390
4269
2036
154
1563
261
2877
2916
4906
362
3012
3303
1952
2902
3600
649
2187
3896
1304
1077
4473
5008
771
3617
3864
92
3396
2030
4973
4634
1578
3715
2333
1024
1086
213
2816
4533
3129
2582
2850
3009
5072
1840
1910
1647
4454
3420
1781
3398
2751
1548
4152
4352
791
557
18
1999
2982
3020
1634
1091
3802
2833
4523
2484
1009
2077
372
4493
3772
4617
796
945
182
1547
1192
2798
2608
1890
1946
1538
357
4371
4660
1115
1723
2725
4514
4372
1710
4613
946
4702
1609
293
1539
3409
4646
2820
2177
3985
4019
3758
1007
3432
4809
2136
3819
3669
2797
1355
4103
1290
3145
1533
17
2081
298
4252
3861
1411
1753
4899
2061
3368
441
3559
4529
4461
2915
4460
1931
3241
3571
2685
1011
2160
2961
3753
1393
4812
3411
1429
4249
1696
1460
3797
338
1797
4853
2091
883
3181
1285
2454
1309
2269
1796
2563
1126
111
2775
2501
4214
361
4159
2052
2739
2710
232
770
4550
2209
3543
3137
4642
1412
4032
3469
568
5045
1820
3704
1135
509
4074
2769
2442
1508
4125
1023
2631
4786
805
4576
2429
2781
1574
4502
2412
530
4922
2896
3656
4690
2785
4564
4824
4180
4517
1138
3126
4067
565
758
219
3984
4769
4082
1950
4185
1929
3414
912
1178
5075
1501
586
2196
914
3386
2873
3987
3178
656
2375
1229
737
2979
1145
613
1966
70
4369
4275
1558
3515
1860
460
1845
1665
4548
587
3313
1083
1765
1260
4787
1779
4791
2859
1573
871
2340
1490
3594
1512
4703
216
1758
2073
1190
3088
2117
2416
2619
3214
4188
4076
2146
1430
2950
2064
1592
3206
4295
194
1000
288
2985
4286
1419
3448
1655
4412
1226
3733
894
4389
2817
3698
849
880
1937
4869
3148
2106
1466
3392
1284
1648
3193
1392
1586
2907
3857
4831
1269
3852
2934
2964
3787
4357
1761
4474
1261
5060
3168
4226
2436
3477
2395
1742
1912
1536
3347
3036
4043
884
1597
4808
573
3436
3413
4527
3044
3702
34
1136
3141
1553
327
461
466
1426
3464
25
4655
453
4091
1435
1525
3227
3835
1986
3363
1489
529
691
385
1017
1870
1451
516
2920
2721
707
847
205
75
3520
621
4821
1728
3591
4886
4420
2005
1938
1920
3862
3489
4011
1064
4439
139
257
3997
3090
4107
3723
2900
2832
3534
3624
4913
2258
3379
3564
731
1168
1689
4287
1939
853
235
178
1405
407
4755
3845
1448
4903
3045
3821
1872
971
3252
4391
1565
2606
1715
812
5002
50
289
1259
2546
2096
4998
716
174
3904
335
24
2086
852
1763
4937
1313
2614
1055
3930
1507
3712
32
4664
4165
2881
4650
1398
1599
3257
4623
3633
1526
970
2510
2647
730
4132
1838
4258
4595
657
809
2400
1154
1440
337
658
3834
3458
103
2295
5066
107
2953
170
3308
4893
1437
876
4957
3729
1286
2163
314
2864
3300
2931
2825
2958
2986
243
1439
1255
2493
3271
1951
817
3357
1639
1928
3105
3057
1550
3779
2145
784
4239
2918
3708
263
1590
4124
342
1334
3490
406
623
4759
3922
3204
1913
3474
4818
1972
3506
776
2349
218
1541
3052
2152
1990
742
904
908
1230
3902
655
5032
1935
4602
2307
2862
2456
1853
3366
3173
3934
672
3637
4379
3081
57
2548
209
2004
2607
115
2645
2960
231
3695
4075
4587
2711
1043
2763
149
4048
1051
1249
146
1454
3108
4979
1219
4987
475
2092
1764
3949
4157
4601
1277
95
1521
2882
1510
1666
3885
2788
4835
203
4506
2707
3401
3492
2358
1400
600
113
1450
1427
379
4089
499
4561
3918
4397
1834
3268
612
4981
1312
3853
371
1057
1369
4569
4909
4296
1246
2640
2730
570
1182
1386
1346
1960
2246
204
2807
